Rotated POSCAR by SURFACE card in wt.in by WannierTools
1.0
    4.730000    2.730867    3.185511
   -4.730000    2.730867    3.185511
    0.000000   -5.461734    3.185511
C
   18
Direct
    0.000000    0.570800    0.429200        C
    0.000000    0.429200    0.570800        C
    0.429200    0.000000    0.570800        C
    0.570800    0.000000    0.429200        C
    0.570800    0.429200    0.000000        C
    0.429200    0.570800    0.000000        C
    0.000000    0.848400    0.151600        C
    0.000000    0.151600    0.848400        C
    0.151600    0.000000    0.848400        C
    0.848400    0.000000    0.151600        C
    0.848400    0.151600    0.000000        C
    0.151600    0.848400    0.000000        C
    0.000000    0.700600    0.299400        C
    0.000000    0.299400    0.700600        C
    0.299400    0.000000    0.700600        C
    0.700600    0.000000    0.299400        C
    0.700600    0.299400    0.000000        C
    0.299400    0.700600    0.000000        C
