%PARA
u1=0;
u2=0;
v=0.5;
w=1;
v2=0.1;
w2=0.00;
a=1;